533
792
457
357
321
492
398
380
411
319
1012
466
522
457
318
322
253
1009
30
350
381
333
1011
601
180
23
995
428
907
760
602
310
1015
780
978
67
983
541
777
215
658
818
271
854
92
874
257
692
81
120
195
547
12
231
495
994
658
110
582
409
195
762
321
286
926
895
360
84
605
255
519
913
154
151
315
13
199
252
446
295
987
640
560
313
782
317
741
335
69
985
311
12
287
984
805
238
768
876
470
212
729
958
536
913
556
352
97
17
606
320
17
892
876
803
297
1002
667
503
1017
594
630
22
652
921
442
536
515
349
912
495
924
217
924
58
658
654
511
413
611
948
97
646
96
95
601
864
683
858
798
654
691
676
426
842
83
622
990
534
165
844
769
553
496
1015
712
1001
755
586
682
355
795
833
483
883
724
648
148
57
872
234
112
655
99
557
650
923
49
727
161
160
313
873
740
733
898
313
621
47
637
141
769
170
664
769
549
668
1023
215
430
692
137
468
731
379
676
188
503
722
65
760
269
535
563
682
298
850
854
41
171
679
156
818
408
879
193
823
52
655
89
541
343
984
722
845
691
741
658
495
88
829
598
339
633
750
497
403
804
656
73
971
978
221
227
1015
260
461
341
31
816
422
69
239
798
205
823
743
960
594
467
428
655
681
88
2
490
1004
758
306
670
869
366
890
508
82
652
170
23
1000
72
533
613
628
7
83
721
614
680
428
629
828
468
965
252
812
73
349
180
363
908
543
326
253
367
658
343
663
276
771
322
385
423
363
239
955
47
790
1021
463
524
228
760
303
969
984
162
760
993
917
989
1017
580
287
202
622
847
101
1024
306
966
227
854
737
277
593
507
945
240
944
558
1023
542
497
314
971
299
459
449
1000
333
309
116
20
343
800
726
716
483
4
1024
413
588
985
224
1009
715
272
162
288
776
295
335
554
19
527
415
641
894
371
342
21
563
69
991
593
869
219
210
237
61
216
944
385
959
509
145
190
634
525
13
613
631
587
204
267
150
662
55
246
40
622
0
384
143
778
780
852
660
759
202
1008
291
584
313
607
985
242
310
313
11
328
854
558
9
436
139
479
167
151
290
643
91
164
572
554
631
1022
859
886
368
642
38
720
913
882
660
391
445
616
314
404
893
861
449
734
1008
617
1015
422
289
419
143
722
462
1003
197
54
370
314
442
836
623
1015
141
176
604
914
549
191
213
55
873
454
197
128
647
779
641
762
725
355
755
736
668
354
412
991
54
397
965
307
905
860
973
92
966
148
143
542
482
382
212
69
622
455
913
228
172
316
92
578
171
538
803
402
918
420
363
75
330
57
838
534
467
79
41
66
854
355
205
584
1009
334
209
33
208
467
4
180
837
1007
456
775
352
245
591
760
888
828
616
294
185
616
420
526
436
645
433
165
258
616
591
860
676
429
75
453
347
426
507
118
435
463
785
27
119
704
428
108
654
449
579
527
795
521
264
926
87
691
786
555
622
590
965
159
29
44
681
759
692
365
293
109
747
319
234
58
403
169
518
835
210
157
536
753
261
273
815
229
759
292
613
391
284
104
53
311
624
591
888
359
865
321
462
182
589
211
880
588
117
962
63
171
685
878
935
865
817
437
524
63
698
632
583
981
750
936
608
190
955
396
490
754
552
302
885
425
713
820
835
225
160
224
306
497
1015
419
1015
833
591
465
940
993
184
862
287
381
388
804
345
557
558
909
380
317
430
256
592
920
927
698
173
730
468
314
495
89
277
704
181
637
759
895
432
571
570
25
313
914
607
437
14
216
8
461
432
538
149
260
558
722
1020
499
29
796
975
492
830
325
576
634
795
172
473
191
595
344
52
387
264
688
828
664
321
77
855
477
464
903
416
268
756
895
766
897
491
92
527
947
510
495
859
58
194
401
904
949
805
960
11
995
775
931
440
172
973
885
597
288
330
777
850
331
126
515
946
469
661
312
50
975
836
879
186
895
752
279
212
580
589
915
692
952
374
829
914
788
739
467
785
331
888
660
71
440
703
670
401
888
638
185
532
837
958
886
609
981
782
761
559
631
426
782
335
463
735
572
612
211
298
648
962
967
981
965
868
621
416
424
872
768
532
403
847
795
141
753
193
191
654
791
133
632
787
135
336
622
432
395
1001
212
420
269
692
527
456
133
771
840
259
857
173
764
425
615
862
58
624
808
925
498
714
256
69
54
145
628
919
585
64
447
410
609
806
151
478
497
189
648
546
103
225
990
74
458
438
573
570
946
598
444
898
728
319
173
574
450
972
735
340
489
238
951
337
39
187
88
872
177
39
972
799
463
295
931
376
542
702
940
827
687
295
909
80
745
854
452
761
273
762
17
965
427
572
94
132
410
299
922
392
994
832
442
180
902
413
782
891
636
231
371
536
549
998
530
598
437
603
49
833
91
976
143
23
541
630
42
266
364
848
450
612
299
393
616
444
435
574
544
359
348
193
671
679
810
871
672
432
701
997
913
929
345
51
598
874
0
15
60
153
693
603
531
49
520
651
917
144
67
736
308
611
298
706
420
125
663
152
645
650
436
300
967
192
618
551
993
710
908
384
288
134
142
246
936
273
999
372
746
40
807
909
194
385
197
806
390
815
423
63
715
255
483
919
163
842
333
896
866
904
389
266
941
708
535
514
537
824
102
475
574
733
654
38
220
547
606
657
271
591
314
888
245
314
771
172
482
0
39
555
810
697
616
308
163
229
526
149
87
166
251
766
850
931
654
101
495
794
153
302
728
464
657
788
581
851
160
477
840
845
286
12
387
368
707
107
240
155
984
863
497
910
844
126
1009
240
735
91
34
1000
526
913
450
290
624
1022
981
945
540
98
167
563
539
802
178
280
758
263
300
888
537
387
494
556
210
393
497
346
989
1007
954
921
294
495
154
1015
511
759
826
556
778
442
443
247
267
316
762
646
949
387
570
810
59
447
977
688
795
400
788
979
388
797
305
302
159
234
539
507
586
309
356
811
752
874
618
154
60
69
659
800
359
34
231
351
267
775
729
824
933
45
294
685
920
412
163
1012
715
234
293
703
93
873
994
706
357
702
584
417
355
543
501
986
165
880
493
966
921
98
542
464
996
127
481
217
634
855
612
773
555
539
72
526
298
632
1015
243
504
266
305
138
725
222
818
536
511
444
558
1004
757
117
277
211
412
559
772
233
498
112
706
430
406
275
670
918
453
862
678
533
38
1002
781
566
617
563
181
717
497
384
570
922
533
598
750
557
551
136
607
363
554
131
519
714
823
589
681
737
836
784
396
583
868
157
879
837
571
34
198
827
240
283
780
93
50
245
786
53
753
739
490
270
784
962
119
480
456
493
859
921
672
567
448
442
851
142
597
81
73
138
393
145
930
756
325
1022
7
792
165
246
471
217
808
672
210
465
564
458
986
156
876
358
247
535
150
112
878
332
873
508
695
348
377
1010
670
375
473
5
242
989
779
678
11
399
1000
139
869
722
984
462
974
651
450
19
809
872
827
694
832
14
637
221
871
100
720
618
594
763
385
539
436
471
379
908
852
173
547
444
702
667
344
259
58
82
238
805
567
761
823
171
581
561
851
467
96
963
929
311
828
536
226
4
370
82
846
413
293
359
895
157
758
248
807
687
969
593
972
579
872
464
430
603
49
345
434
373
976
305
633
391
493
275
238
841
852
465
916
766
750
852
458
1017
8
461
399
516
209
204
287
273
933
205
960
3
102
724
337
60
929
671
388
116
748
564
609
428
545
396
472
513
616
434
703
629
534
310
215
486
485
81
989
852
986
228
772
494
604
18
528
770
484
497
773
843
719
44
513
209
265
596
356
203
230
8
67
699
255
773
290
456
420
308
670
174
307
769
145
20
445
590
953
636
173
295
315
771
513
306
159
572
764
752
312
363
11
421
8
881
265
802
749
171
675
1009
43
195
165
6
438
673
519
809
547
800
468
533
674
198
321
934
731
973
812
638
242
516
366
506
1002
795
508
333
591
447
810
230
888
787
836
205
926
491
712
1002
238
419
946
678
333
493
223
555
441
741
144
948
939
227
633
131
397
157
35
446
955
35
498
95
767
893
518
551
974
473
901
510
1000
697
0
188
912
861
383
719
462
388
514
381
148
7
167
131
740
637
813
2
864
774
394
748
491
418
520
315
870
706
947
702
742
757
226
594
947
652
921
68
23
264
702
767
797
415
458
388
395
860
906
63
421
420
80
227
686
286
70
714
964
169
764
965
459
809
120
311
1022
94
949
230
285
847
481
753
654
999
802
724
875
506
236
593
688
747
250
706
38
401
482
967
540
965
219
598
35
997
200
852
690
521
624
790
469
470
560
38
557
264
582
11
597
249
879
554
703
596
494
206
318
661
960
256
962
86
192
989
488
472
956
711
588
205
58
283
764
599
720
422
310
800
191
71
1000
760
840
917
555
714
451
884
168
997
741
921
513
624
589
458
700
403
861
292
194
446
440
390
348
623
711
625
743
53
39
783
523
661
86
627
331
904
744
836
294
315
123
44
513
594
247
376
653
964
443
153
137
539
862
685
427
1013
290
315
659
707
527
1005
626
654
666
731
109
979
26
122
384
562
369
1004
326
1006
70
68
276
309
230
747
1005
757
436
781
200
67
240
276
938
142
983
564
764
414
565
157
958
677
943
888
140
640
725
897
204
930
1015
951
502
597
757
529
309
394
312
235
862
337
320
191
279
15
788
287
338
546
783
895
898
803
104
195
267
413
441
10
557
379
852
285
320
13
478
992
679
744
664
722
611
116
232
824
642
844
365
110
874
787
367
958
26
161
128
204
456
863
789
576
604
408
481
491
654
712
923
574
607
75
534
788
631
932
799
880
779
118
61
812
737
746
290
236
419
550
675
1001
377
859
992
815
744
68
851
926
420
877
554
811
761
704
133
11
134
83
767
80
494
404
306
261
388
97
568
792
147
740
364
629
735
293
341
956
249
377
814
886
595
613
972
126
615
897
592
88
295
86
869
154
642
246
461
338
295
527
192
545
318
508
849
245
262
144
116
162
470
387
206
767
117
119
612
69
826
983
1008
545
317
288
849
869
1018
191
865
846
940
713
211
481
942
672
754
949
615
302
544
758
735
121
994
904
945
585
1017
36
892
155
531
1014
435
130
486
894
450
767
981
669
669
261
614
616
108
17
681
837
483
689
860
928
332
677
998
618
983
159
659
567
434
823
282
42
771
11
556
1003
772
501
97
651
17
889
405
893
925
317
287
991
583
200
368
865
596
1020
111
323
227
990
63
79
989
222
409
315
557
366
811
872
802
976
660
651
362
181
606
285
379
356
210
515
621
739
294
850
841
196
228
313
574
231
783
87
119
633
23
397
1024
599
1007
265
345
654
43
500
212
942
162
799
610
946
51
503
278
239
910
63
372
307
222
1017
1017
94
242
79
473
346
302
874
277
116
872
888
229
153
668
71
1000
693
164
365
677
866
517
106
242
634
471
817
542
301
8
693
463
707
0
495
531
647
330
354
592
338
167
501
280
976
842
205
102
184
590
1004
627
897
157
368
186
816
212
195
680
324
418
745
908
244
561
869
914
881
235
463
128
668
707
795
322
635
974
787
62
42
422
661
566
841
647
454
883
668
446
554
46
315
381
502
223
851
447
599
156
218
197
785
126
542
179
503
140
724
436
588
263
952
700
344
530
482
637
398
970
135
398
46
41
355
736
325
393
732
105
192
853
83
349
908
720
352
403
335
606
772
666
535
134
557
414
991
616
614
687
337
122
156
319
981
939
507
385
614
370
1004
114
150
569
701
781
430
131
555
64
66
501
258
1012
470
200
568
608
616
884
1019
512
386
74
610
467
468
33
787
236
624
77
863
990
930
898
325
638
1005
566
519
1022
420
686
821
835
179
840
580
216
168
360
471
708
600
522
416
107
828
725
199
128
799
507
464
146
5
354
297
49
163
203
666
942
63
927
913
513
607
521
282
319
655
185
768
902
113
148
508
495
212
265
871
1006
409
582
952
156
857
552
919
185
563
213
395
600
790
56
91
472
563
699
357
881
1023
402
746
734
20
656
796
902
923
989
748
696
873
193
529
520
973
30
392
120
775
880
156
807
258
968
937
102
878
762
492
940
209
88
88
829
462
717
130
571
131
202
931
55
514
365
338
774
807
424
105
40
397
289
371
232
276
370
954
732
406
233
279
467
283
303
733
867
466
40
532
766
90
261
389
53
701
983
531
361
869
229
307
52
63
732
402
748
500
124
673
796
23
507
428
524
196
83
313
389
155
362
851
705
2
478
251
527
732
17
296
842
602
48
271
312
347
315
699
5
702
97
670
637
615
42
593
60
877
605
733
105
684
292
991
728
118
159
509
341
5
449
808
704
468
479
309
935
869
296
685
811
552
89
449
650
960
317
458
113
331
830
744
652
109
628
889
27
709
655
179
394
905
143
164
457
1013
0
715
2
202
854
744
917
863
922
553
222
933
743
666
696
558
870
103
602
526
993
447
901
919
237
369
580
698
116
626
612
661
289
775
740
991
193
299
63
262
335
546
746
381
738
900
802
506
764
634
626
37
62
625
563
971
245
62
781
792
273
289
659
903
904
749
211
796
468
789
75
567
258
969
592
186
791
776
449
139
645
107
329
787
620
266
295
151
1023
301
895
517
597
324
123
175
309
946
590
227
961
608
634
451
472
298
133
180
344
1000
623
469
544
342
422
826
274
328
356
680
859
160
748
236
1014
907
551
14
166
631
3
926
743
137
528
660
784
158
787
232
836
225
357
450
518
100
448
293
774
741
1008
738
86
651
243
320
439
194
352
890
50
143
568
410
112
875
503
904
3
17
917
154
705
116
672
49
686
209
69
266
805
348
502
575
25
814
300
55
840
378
117
222
523
763
416
368
210
126
313
916
1000
473
889
857
389
350
511
252
37
386
950
866
27
132
65
464
5
664
798
883
160
574
345
574
94
746
710
347
268
412
741
423
558
31
64
117
365
602
966
82
761
497
673
139
189
1016
35
544
345
265
579
88
388
1019
511
341
405
379
547
993
456
60
524
133
480
217
930
843
35
483
987
440
814
258
879
241
972
845
623
109
366
687
555
23
420
794
126
51
1011
1020
40
877
990
566
449
841
645
620
738
889
893
693
614
364
325
523
246
289
48
569
55
367
341
967
598
98
184
70
755
163
436
873
408
592
11
253
222
197
830
717
991
41
343
905
820
802
346
48
356
337
100
82
632
531
672
27
600
599
679
73
825
131
309
237
709
774
799
615
667
996
870
95
963
203
864
758
627
707
965
646
886
542
903
365
587
830
631
73
409
918
832
970
913
489
168
453
88
973
494
8
502
900
534
277
80
245
874
917
54
83
215
44
412
940
36
283
208
523
510
25
979
394
573
847
447
676
638
793
718
846
314
914
463
669
735
817
795
995
823
27
115
940
220
117
636
677
309
751
744
782
694
999
113
355
839
926
9
119
192
514
689
950
402
663
330
1023
238
194
392
280
146
863
832
155
1023
611
141
829
315
666
408
912
473
982
759
186
588
316
57
415
469
969
132
924
43
743
908
652
877
7
275
994
338
947
120
842
672
289
570
490
836
973
521
17
157
31
789
237
810
269
155
942
27
354
187
347
362
497
863
354
444
818
872
978
794
11
122
853
253
978
575
814
518
565
292
460
82
170
17
834
359
917
768
204
432
21
1022
824
572
389
15
821
797
60
518
31
980
732
744
209
881
447
750
880
70
354
23
364
582
458
422
356
278
339
408
700
233
246
740
956
889
849
107
751
742
405
607
76
312
724
2
940
558
518
777
732
179
289
948
24
957
964
832
136
435
843
603
884
56
329
443
344
486
223
935
912
76
278
538
961
266
709
980
968
388
947
230
553
550
253
301
655
505
650
124
521
840
475
831
195
426
576
323
614
561
1022
150
17
704
298
688
457
311
286
613
221
413
543
817
401
899
161
378
417
568
606
207
904
357
450
610
174
934
221
496
324
308
565
625
802
330
973
426
506
855
172
931
799
765
51
67
377
856
953
436
636
464
881
957
589
1003
927
480
306
108
561
70
89
917
304
51
969
848
836
137
946
334
31
957
565
452
329
750
618
161
524
697
448
534
452
252
937
704
44
893
3
573
956
192
564
610
663
220
258
18
423
254
562
202
514
646
573
591
102
371
148
547
771
455
133
85
420
986
306
379
8
379
779
880
588
7
262
566
17
907
419
780
286
78
261
966
256
53
751
208
226
648
175
622
645
962
926
440
817
19
69
1018
1005
483
107
600
863
637
845
984
871
805
117
819
959
48
925
964
996
195
85
412
417
148
732
156
1016
430
14
930
663
250
553
518
83
671
477
291
962
210
907
24
507
689
157
24
1004
527
303
726
278
75
599
221
504
564
927
791
833
182
662
817
1011
562
102
886
534
445
334
541
239
875
7
947
467
346
211
200
921
904
351
629
896
653
173
794
298
502
869
268
996
453
40
478
878
851
82
1001
459
366
167
904
980
736
822
909
84
557
7
171
234
556
880
168
424
1003
906
116
553
571
675
250
420
490
466
224
322
966
869
842
9
868
485
964
423
925
876
90
799
1018
321
770
559
863
719
831
565
73
663
298
22
440
402
456
4
566
85
357
378
808
736
334
393
502
700
267
916
605
839
727
22
499
832
810
362
215
753
949
973
912
468
371
610
755
213
552
741
958
140
216
77
266
106
472
764
798
343
436
721
916
238
1003
154
785
246
91
233
990
817
15
307
490
312
481
1004
72
149
279
422
857
905
127
482
206
339
116
248
216
890
974
132
964
750
40
650
619
338
458
683
593
786
547
235
870
145
644
993
99
355
285
38
547
528
410
623
525
751
311
47
260
797
516
453
901
953
142
901
798
855
707
253
350
443
906
439
19
965
931
415
454
948
270
517
313
290
358
536
108
668
966
307
516
497
574
951
832
393
485
296
1002
447
688
477
714
735
524
570
969
751
418
51
771
967
970
702
412
406
312
210
843
509
972
213
381
574
765
910
914
737
191
272
15
891
182
917
8
434
925
305
667
449
161
696
640
511
21
590
80
118
579
769
598
573
320
934
441
386
605
620
234
584
542
249
629
916
50
95
675
469
505
255
197
38
281
86
760
779
169
16
572
617
499
212
241
238
1000
562
194
532
726
420
1006
494
681
637
611
199
97
550
52
619
713
128
547
544
801
42
693
763
99
959
168
166
367
590
688
872
880
361
135
382
665
534
304
105
822
854
644
558
119
834
525
770
993
626
695
903
806
409
121
651
493
273
131
995
540
895
796
746
914
439
763
454
1013
274
284
1016
131
283
550
628
996
441
494
780
800
337
673
39
372
893
693
475
60
931
700
261
277
229
464
283
80
969
592
228
305
952
43
798
863
358
59
188
498
996
330
451
558
954
488
42
562
312
975
371
466
839
100
270
981
591
570
875
317
71
126
172
146
819
784
69
155
525
984
933
457
967
427
713
736
132
150
843
448
452
670
418
441
855
659
180
910
25
1019
747
560
1023
930
805
85
193
584
451
219
164
1010
606
682
886
170
325
791
588
664
382
57
130
335
766
679
966
577
292
399
592
646
345
751
887
406
527
694
366
587
526
266
706
900
978
16
341
919
231
123
936
1018
687
566
70
704
483
862
7
137
805
802
334
356
1015
874
855
124
897
582
597
927
937
511
536
428
672
275
855
47
229
229
848
239
703
969
148
289
662
683
977
620
946
363
254
14
78
827
101
633
295
246
190
737
184
58
58
394
512
261
957
8
188
499
986
333
422
315
90
856
417
836
723
233
892
492
408
562
913
554
779
337
294
305
452
124
974
203
762
514
160
820
182
104
977
432
988
332
791
729
732
924
887
1003
190
262
942
445
869
847
820
6
72
847
315
316
622
276
829
103
1000
537
359
775
68
778
397
437
586
198
823
227
837
150
80
911
291
1003
264
564
602
729
216
173
101
574
856
887
49
284
418
979
178
216
879
898
180
376
325
995
375
954
484
984
150
229
172
230
947
642
99
163
703
117
419
998
98
79
357
541
1014
313
289
955
778
364
395
33
36
275
624
516
54
615
725
944
540
762
242
695
23
441
751
597
199
927
769
320
161
917
357
838
750
487
99
280
123
709
680
65
193
911
143
466
312
179
563
223
722
342
433
973
514
705
334
113
120
960
645
220
516
516
269
386
607
914
412
142
723
980
388
724
165
591
745
271
782
709
963
950
548
625
764
737
284
686
128
88
548
119
394
544
266
404
621
767
859
730
836
749
893
942
314
873
508
749
204
360
101
102
894
92
781
244
400
698
241
630
343
871
461
344
338
319
594
98
874
483
772
80
952
269
98
396
151
297
766
757
493
247
1007
483
278
824
180
892
400
582
332
787
223
726
933
488
902
408
697
109
481
176
618
93
383
949
783
41
644
893
468
997
361
318
86
781
210
104
596
86
933
30
438
386
1018
983
970
414
341
820
702
981
933
389
782
954
744
915
297
708
508
385
118
846
739
44
40
22
594
106
786
552
0
810
502
739
894
953
652
6
53
486
763
126
705
698
446
688
615
353
90
93
467
692
329
662
388
860
528
244
396
849
549
901
827
536
404
87
93
995
1001
189
389
301
74
146
277
642
952
511
598
552
617
985
246
521
581
915
254
208
216
417
621
431
626
725
402
965
53
711
895
377
45
822
746
276
808
505
156
843
584
537
280
662
185
95
583
818
428
882
137
570
779
569
215
881
878
724
909
757
448
825
479
442
854
788
365
336
106
706
773
832
618
900
312
840
305
249
190
284
435
13
901
306
880
697
200
283
27
465
375
636
408
665
51
545
429
941
708
417
140
253
596
163
361
694
260
292
371
149
845
814
91
665
374
960
108
837
529
754
941
621
966
276
896
566
904
993
846
172
69
498
65
701
137
470
94
90
758
284
771
611
185
202
1016
246
459
915
266
961
186
273
323
829
723
358
793
739
190
41
63
400
821
472
33
505
889
306
83
239
362
942
897
310
2
301
647
92
984
647
909
53
132
1010
14
679
802
643
37
467
209
102
250
518
280
277
257
170
269
173
672
230
711
481
206
67
1023
911
570
630
759
579
728
205
326
965
815
838
281
746
550
991
145
445
359
339
863
950
884
270
842
759
105
227
343
71
106
646
952
804
367
222
684
151
400
374
814
218
465
935
266
386
216
545
231
398
441
813
862
336
44
258
968
507
711
347
945
960
20
794
466
890
499
262
574
867
600
545
512
890
788
619
877
286
988
407
688
276
536
765
625
423
926
652
183
64
700
730
44
305
362
221
393
921
578
142
319
74
976
771
409
7
547
485
156
125
716
867
739
391
694
126
542
134
695
974
0
1001
445
507
332
306
519
723
396
710
72
206
773
290
152
17
492
643
569
187
256
617
390
101
651
88
982
769
976
488
488
690
867
848
172
816
312
159
936
63
229
128
609
879
751
967
882
360
707
869
608
360
290
404
870
488
590
693
330
550
213
333
514
355
209
205
220
761
640
67
998
12
626
995
628
521
96
514
728
738
63
772
467
631
343
224
99
180
837
516
917
356
681
677
912
432
570
659
877
494
923
243
91
291
266
64
731
494
744
390
427
192
568
366
984
647
472
790
986
469
547
872
708
98
682
455
833
491
417
719
398
152
740
847
737
693
923
236
445
222
471
18
646
711
93
816
840
10
870
747
447
636
16
30
727
669
575
570
478
1000
191
9
63
915
673
63
238
944
262
303
304
79
104
881
4
313
756
110
903
392
519
800
364
923
460
418
29
928
727
10
982
445
392
102
205
812
350
156
58
810
74
48
858
424
605
405
192
2
410
363
973
376
653
672
694
584
110
259
691
718
484
725
495
391
515
547
85
37
396
262
634
25
88
369
623
675
701
31
852
815
66
641
764
644
268
32
338
860
132
980
739
988
164
636
211
290
1007
923
34
758
390
585
322
410
986
1005
147
173
311
217
694
715
762
968
103
812
514
645
180
17
851
764
137
590
152
720
299
719
355
768
272
35
939
315
582
712
526
828
1017
361
290
409
319
747
385
466
852
512
466
87
208
328
405
31
15
417
844
878
926
81
13
675
135
41
611
671
825
643
397
623
673
553
475
1024
453
867
978
202
687
357
264
144
248
66
30
63
399
321
494
57
207
1007
498
238
930
919
28
864
427
975
389
212
732
148
710
536
702
139
475
219
443
1012
1013
466
284
452
25
214
272
239
534
262
358
883
268
7
871
746
812
1015
847
466
155
468
714
579
878
377
766
543
901
647
936
84
753
777
173
790
549
762
745
1022
260
398
517
295
815
558
300
730
559
390
467
918
493
176
153
195
774
3
311
91
172
458
915
230
606
783
890
256
858
57
800
562
29
377
880
734
579
446
537
939
841
156
710
6
75
137
615
341
293
902
1021
834
295
831
136
55
737
101
272
179
135
387
521
711
238
216
552
712
73
238
801
536
291
498
1013
562
643
182
575
490
270
405
481
695
257
729
517
205
168
540
285
832
690
123
906
390
234
811
750
731
762
560
424
654
496
650
749
332
947
140
639
936
582
53
435
737
1022
295
725
318
42
716
878
375
663
549
1013
466
300
86
609
304
98
912
673
429
71
788
346
42
692
859
302
70
28
243
514
939
567
596
594
17
450
312
876
146
331
989
875
826
886
79
321
931
586
885
846
999
617
74
230
451
599
107
137
370
517
457
349
319
893
675
901
998
529
82
259
427
921
762
541
324
239
660
12
81
715
64
254
451
731
752
828
339
385
740
663
106
894
120
689
945
920
597
454
777
291
723
923
380
640
174
44
905
810
781
895
348
923
17
147
985
972
1015
547
472
815
547
398
705
969
689
106
722
648
454
28
30
937
896
764
359
700
617
424
402
890
365
52
169
706
320
860
693
1006
1017
771
596
598
389
951
568
592
588
341
727
97
297
415
443
505
265
718
559
347
306
749
704
830
438
745
96
516
512
628
726
413
955
930
458
449
64
773
41
677
270
26
955
179
242
402
615
115
587
726
247
837
654
1001
706
988
880
84
618
888
190
778
173
766
46
454
834
82
390
447
543
31
199
837
377
961
332
779
158
926
554
634
747
342
923
247
284
733
656
240
245
238
935
568
225
695
528
757
422
259
161
534
439
511
817
379
47
291
605
332
750
933
826
382
180
132
433
515
327
406
695
373
466
77
283
330
1001
827
550
208
66
708
251
527
96
970
529
390
994
239
167
872
986
252
84
933
964
411
552
902
716
351
975
666
821
915
829
345
590
704
257
252
490
123
468
1017
962
268
857
524
115
781
72
159
467
63
98
111
232
413
557
329
327
955
399
275
787
145
133
879
144
964
961
345
461
264
618
470
302
219
131
401
558
860
440
2
932
432
502
929
281
356
780
966
42
527
952
343
902
279
779
194
863
205
778
841
708
832
501
501
626
754
920
730
219
435
264
177
901
471
11
216
398
481
554
769
792
427
533
56
651
838
316
666
800
8
913
170
999
559
1001
596
200
627
582
106
169
545
649
473
67
229
333
949
833
989
167
818
357
4
158
587
544
214
326
492
103
8
563
764
81
183
850
321
513
774
620
293
393
106
673
696
65
880
108
981
815
115
994
124
732
664
726
64
105
955
367
28
962
808
921
1019
773
404
955
217
896
989
434
907
912
107
405
602
529
438
104
277
601
124
301
758
729
681
135
713
845
504
24
544
394
968
183
324
770
984
40
839
729
140
488
572
723
567
933
1018
24
91
1003
754
484
197
445
704
234
418
428
628
241
366
927
280
658
112
588
148
846
648
23
645
373
85
238
23
846
440
264
705
274
910
455
293
694
592
734
45
147
277
520
1010
803
979
505
600
827
850
289
901
754
70
709
252
273
699
108
893
251
686
503
458
906
991
156
811
504
537
470
832
360
571
294
15
79
851
441
767
1019
770
460
944
248
8
869
198
795
779
597
841
990
273
767
61
478
391
854
251
152
209
1003
37
753
691
803
826
554
432
269
29
378
511
332
750
111
218
326
1002
275
215
71
503
55
210
43
338
675
298
200
494
933
865
631
799
168
933
897
541
710
199
542
755
54
620
107
694
73
418
950
189
111
859
13
611
461
469
483
44
91
783
949
475
18
745
661
56
574
668
558
419
58
680
879
171
157
693
962
158
954
282
505
295
760
534
892
777
169
1017
102
4
419
900
710
87
789
63
472
945
754
238
710
567
163
284
797
581
881
397
77
670
407
629
850
923
487
113
80
703
280
816
977
957
258
799
242
281
422
50
303
402
664
24
333
129
509
515
932
266
262
300
700
521
284
59
796
540
777
476
120
993
743
869
185
712
249
573
218
980
193
935
579
537
152
379
372
329
584
882
758
535
485
981
963
210
263
430
173
701
960
396
391
354
521
123
820
42
1017
322
331
1019
390
952
506
367
108
642
758
310
872
792
932
660
680
75
69
109
183
388
794
960
414
831
350
477
723
588
939
819
165
153
284
352
213
280
498
941
417
156
407
205
932
793
984
955
1022
161
271
651
753
684
462
852
523
504
457
997
253
230
582
707
405
148
752
949
980
178
807
282
952
257
298
212
261
304
503
691
550
875
730
220
760
10
1011
922
705
387
126
525
226
1010
843
586
308
461
466
649
873
904
781
462
610
337
395
494
343
849
33
146
437
772
614
273
921
157
234
703
331
243
863
812
576
940
789
198
512
97
93
363
192
654
759
462
262
753
609
190
715
868
147
608
882
464
161
183
989
822
18
706
747
1024
55
496
311
938
510
356
679
250
339
74
231
629
14
369
830
813
926
518
850
874
451
399
919
570
551
412
789
703
134
527
368
458
160
205
461
1016
26
864
398
996
931
659
206
99
957
217
117
889
190
551
257
282
514
805
752
691
986
334
1011
539
408
641
579
472
668
628
39
153
473
453
332
404
485
17
394
276
801
25
75
303
490
545
499
645
861
50
446
403
615
374
427
96
664
643
763
922
952
435
48
327
900
975
104
582
767
81
16
381
920
853
563
466
661
594
33
365
90
507
211
346
682
930
856
64
719
45
292
611
492
280
502
499
318
164
385
670
446
764
379
647
635
732
496
682
701
921
364
1009
765
430
117
110
391
439
979
192
420
394
541
431
764
849
391
678
875
864
742
773
190
986
712
309
219
686
699
327
523
625
50
964
450
76
349
285
910
322
570
156
534
239
919
227
150
778
728
797
610
839
855
939
774
629
277
576
72
795
62
735
82
952
539
751
739
805
1016
476
410
1001
399
779
930
68
791
873
117
751
508
880
602
881
331
265
834
626
326
663
457
31
506
271
372
999
397
822
178
852
194
260
144
817
247
694
411
511
532
144
157
393
783
842
902
738
811
927
16
922
128
833
738
490
894
286
248
921
49
688
350
519
111
282
290
257
857
640
788
2
537
1011
669
419
491
721
592
271
946
977
119
367
974
283
176
181
109
117
757
967
87
812
850
89
869
133
43
735
959
386
890
163
163
174
112
484
721
447
735
220
333
524
807
919
24
251
144
173
33
137
777
199
1007
658
175
887
569
408
563
620
309
653
530
515
869
618
956
212
417
5
437
378
639
677
764
500
657
973
949
492
579
723
225
851
267
703
984
119
375
712
74
332
717
135
545
564
960
114
560
313
641
431
720
587
475
502
638
1002
7
658
878
153
559
145
115
61
419
455
773
165
414
629
814
352
889
592
738
886
844
572
457
441
313
635
679
542
490
162
191
343
433
549
262
237
950
815
383
1022
944
342
172
280
798
772
902
9
624
732
942
985
881
803
76
248
564
608
364
115
293
721
93
445
165
855
484
752
539
56
978
838
333
911
702
758
698
769
549
776
651
248
983
411
493
679
846
409
287
300
880
56
538
242
63
220
416
815
808
759
245
228
802
714
156
522
966
884
201
158
970
24
711
967
653
714
48
1011
199
575
556
773
280
139
874
927
794
560
510
653
524
263
1004
719
817
827
895
793
490
921
471
601
348
185
609
482
792
449
956
695
610
394
367
934
619
216
871
786
907
408
672
581
8
339
636
860
974
298
26
66
941
181
639
689
944
713
61
637
220
109
550
585
496
572
735
739
999
25
215
979
187
687
138
870
591
0
20
950
206
328
87
934
778
976
850
976
836
960
898
61
762
265
216
489
335
755
629
228
452
345
534
555
288
271
195
689
556
287
56
398
503
66
577
793
633
567
177
130
290
347
788
581
202
477
364
315
583
590
79
332
90
1010
462
656
920
84
116
291
231
272
667
542
758
680
5
166
43
236
820
705
512
338
513
872
418
226
370
875
621
778
109
83
952
779
607
378
750
55
107
910
931
966
710
741
964
324
888
500
624
288
898
328
669
288
855
629
211
96
620
44
926
964
723
391
103
443
636
811
502
111
503
792
1022
411
20
330
4
196
715
282
911
1010
504
605
964
667
583
624
359
653
492
634
964
791
900
271
656
810
137
41
882
148
458
67
719
642
532
666
903
434
22
1005
459
685
837
107
585
857
389
596
773
333
380
564
147
957
683
679
658
620
800
228
555
59
315
102
458
724
101
73
517
152
278
113
899
624
970
452
719
241
72
211
141
791
630
611
972
79
51
612
136
709
170
403
218
827
321
14
480
640
637
982
869
640
6
106
753
69
60
258
609
278
428
215
412
461
680
662
825
871
45
48
235
872
1001
722
607
262
699
96
153
479
2
671
854
944
776
461
584
361
228
100
406
413
171
384
330
962
849
579
174
987
650
943
1006
856
843
261
358
368
740
536
794
251
110
529
434
270
990
647
985
772
636
596
303
985
41
421
744
823
583
199
494
65
862
278
442
486
342
118
231
10
672
552
706
46
817
892
578
804
207
123
525
559
402
350
507
442
871
20
483
540
206
391
163
816
706
25
729
530
128
408
869
135
755
410
204
865
999
86
180
658
934
392
811
50
647
985
239
176
299
948
324
658
130
975
708
858
207
190
847
812
855
227
972
663
260
304
623
712
517
511
230
31
686
959
305
516
494
1023
656
654
191
895
141
775
783
846
531
884
327
739
920
49
115
665
243
423
480
512
281
683
305
509
671
109
983
200
701
265
110
117
1003
255
271
586
735
375
467
799
27
528
135
604
1006
111
617
862
384
423
595
185
473
798
229
412
400
1022
274
711
484
569
611
903
375
403
267
798
912
1008
579
707
758
479
598
855
164
738
922
866
96
579
943
579
563
101
172
560
406
946
118
912
280
724
119
932
59
469
997
221
469
205
579
447
68
402
697
340
459
757
668
824
77
744
709
952
874
629
37
339
667
9
1021
242
614
15
781
805
260
945
144
575
286
568
748
868
437
952
506
143
1004
899
538
798
11
833
206
493
666
397
675
103
47
419
447
212
84
748
757
137
108
178
552
628
149
556
522
805
319
799
1000
186
810
1012
78
917
585
823
677
460
283
479
971
150
531
349
989
339
261
153
85
569
825
642
902
32
896
719
283
61
168
597
144
507
1000
833
43
264
514
564
355
24
95
908
788
910
77
948
55
64
727
601
7
639
633
680
1000
612
316
635
433
595
413
998
7
1010
574
176
977
969
474
1024
523
490
373
674
42
677
629
355
211
873
994
345
632
1009
679
749
560
1010
263
821
304
174
504
700
612
693
675
858
533
109
162
65
414
16
421
895
619
827
102
774
984
171
697
663
4
202
170
247
354
1013
567
818
305
705
862
356
926
561
361
641
320
790
277
639
323
882
627
560
392
658
461
310
848
547
362
832
383
909
338
620
165
271
989
152
830
2
957
613
945
553
668
283
14
103
539
670
514
269
253
722
262
599
670
205
264
414
577
174
846
643
347
271
772
603
387
377
212
947
241
137
701
666
705
652
237
207
611
1
198
439
669
397
58
990
633
578
850
258
928
975
487
59
427
583
876
648
596
56
933
311
127
630
195
885
475
452
606
129
203
654
639
603
104
671
721
94
329
587
0
591
967
505
470
784
726
1011
236
189
431
680
274
29
120
724
425
130
135
550
789
1017
1018
453
126
989
1006
558
102
377
708
383
330
824
240
55
986
349
438
919
634
986
691
840
660
986
600
70
439
451
734
673
346
951
704
327
921
820
600
83
105
151
684
179
264
488
370
962
33
392
821
754
842
658
183
5
468
936
35
338
182
814
272
629
1000
5
1022
245
230
306
205
309
607
775
203
123
343
2
892
413
882
543
997
932
597
18
784
771
78
744
911
220
728
144
943
207
298
339
633
45
352
704
205
266
444
541
217
392
87
929
409
832
610
340
195
876
664
768
233
683
947
324
596
388
9
496
704
206
964
23
231
719
518
220
886
983
587
855
730
78
971
659
433
368
314
450
602
968
787
626
462
219
324
494
604
461
129
777
649
413
518
177
517
85
24
91
571
495
839
55
601
445
535
705
613
415
186
426
443
659
743
316
163
991
664
58
345
119
21
974
905
601
696
932
187
158
121
556
560
886
126
522
814
581
259
554
433
210
303
917
904
298
249
613
262
464
342
1002
265
34
704
72
472
585
83
284
961
805
17
848
193
125
308
576
284
692
670
674
525
57
894
465
103
391
115
173
561
248
764
1024
820
876
222
59
462
104
324
429
467
930
42
131
822
295
286
562
18
920
274
566
458
245
987
694
368
292
95
778
827
849
278
39
462
272
528
957
953
1024
41
399
476
462
399
695
690
450
964
864
938
447
564
651
759
54
719
225
801
441
940
73
914
800
295
919
597
942
696
637
996
68
887
389
626
291
369
725
177
590
159
785
965
404
54
441
27
828
279
662
614
222
361
912
642
637
164
486
723
511
669
128
661
62
464
406
661
376
226
476
590
792
801
721
20
994
273
404
860
754
802
576
1012
74
141
920
818
942
308
631
251
638
487
422
1006
803
462
625
208
610
185
195
251
29
776
1014
113
338
704
3
789
182
400
595
171
402
79
884
258
197
81
145
656
4
130
480
136
20
412
75
25
919
526
56
488
426
938
988
161
654
862
774
354
436
184
294
313
618
936
461
848
968
874
933
345
298
671
283
61
583
57
931
819
138
508
320
605
986
203
4
116
61
238
83
214
743
289
284
660
135
373
420
304
809
62
839
815
167
45
825
960
221
983
250
233
303
387
182
897
726
425
473
933
776
402
537
866
407
902
187
317
410
247
528
535
199
34
661
431
241
323
17
794
745
793
125
1011
247
419
910
753
727
495
684
538
914
786
539
911
735
84
625
577
791
241
415
305
759
189
307
710
190
473
918
692
937
150
735
785
950
899
720
425
965
318
980
868
641
950
565
899
998
45
116
568
716
202
919
487
1013
903
622
75
739
488
460
691
589
698
53
275
215
1002
798
254
536
745
750
863
120
331
89
413
481
869
321
517
617
843
691
860
431
525
437
993
497
433
627
883
500
32
290
208
45
33
400
611
468
693
322
498
572
545
626
26
503
674
859
598
894
864
456
236
613
464
643
849
124
242
383
301
425
860
493
269
358
280
788
737
785
989
60
720
77
9
607
337
318
605
267
35
952
86
991
468
66
96
24
148
309
1010
733
86
203
718
802
118
14
991
111
0
528
554
336
436
877
282
568
883
215
838
228
16
194
291
953
357
354
870
475
302
749
661
623
253
580
301
279
518
1010
361
705
738
773
287
472
648
57
845
908
203
536
441
254
717
74
187
111
720
15
24
859
780
1010
230
15
908
398
228
39
63
154
686
667
193
498
43
822
254
853
187
128
931
512
588
24
338
1018
565
241
382
579
66
11
997
851
788
977
101
370
142
183
564
436
262
327
793
777
726
723
213
377
901
785
602
480
387
89
69
346
109
996
180
614
356
777
413
893
236
376
909
361
635
848
636
744
304
842
762
648
181
573
470
839
395
242
784
697
1016
78
150
596
707
101
948
591
239
1016
485
765
675
263
346
89
396
65
990
989
73
474
465
126
341
652
981
342
210
13
28
409
566
589
735
79
1013
298
440
101
134
577
660
190
14
594
580
442
1017
996
329
90
856
455
200
300
52
382
655
101
898
614
980
1022
156
206
6
275
777
349
534
703
387
310
366
843
359
327
637
79
136
727
346
967
862
1018
355
188
227
86
496
268
901
466
130
724
989
535
188
580
838
960
1023
863
431
79
37
332
681
426
560
911
405
320
758
519
358
334
159
811
710
130
397
3
776
99
116
823
92
206
509
358
887
845
736
153
585
716
178
362
980
949
451
635
463
941
239
703
668
698
985
195
404
851
326
484
1020
960
460
626
723
807
79
95
712
724
479
144
287
81
155
589
264
763
377
101
919
656
481
370
975
296
129
415
183
579
230
869
84
516
746
446
907
918
132
175
73
317
96
374
921
45
466
667
556
933
399
48
384
550
179
451
559
348
939
521
973
722
66
314
552
260
520
517
835
123
923
26
719
421
415
330
809
436
559
248
839
370
573
331
532
783
24
914
690
112
703
502
613
585
765
987
944
654
380
158
619
92
536
63
399
674
244
605
379
97
828
9
132
90
20
694
1004
372
749
607
591
820
772
399
995
502
225
24
680
194
918
656
391
389
240
670
867
864
370
716
11
918
776
659
466
75
774
926
373
519
1019
457
578
655
442
330
988
911
487
616
305
347
673
303
303
617
225
277
934
643
681
165
73
699
818
791
834
266
920
801
335
220
499
399
872
865
28
235
473
47
432
955
365
586
196
387
460
386
691
291
248
836
928
550
1017
322
383
85
198
691
495
138
495
659
950
365
737
672
931
231
376
380
8
160
354
404
97
188
26
274
795
131
700
84
988
376
109
641
964
240
631
248
619
728
507
913
11
224
402
311
350
289
551
159
202
425
759
249
949
0
106
898
758
242
950
190
604
215
817
503
988
902
109
5
292
336
971
64
424
900
161
12
668
522
873
811
919
901
56
623
277
127
864
864
783
1002
815
831
699
588
479
777
882
693
680
890
690
783
524
244
845
336
280
25
195
899
241
663
92
705
822
2
693
858
399
771
26
836
1010
718
12
1008
518
257
87
347
261
878
770
860
830
520
994
415
4
527
278
509
521
3
725
73
542
854
738
416
866
200
729
120
300
632
419
9
263
886
76
500
969
946
672
269
467
1020
541
42
597
760
180
341
619
312
707
171
712
645
4
177
372
790
51
320
465
225
712
207
151
415
282
795
729
41
466
939
144
855
223
166
284
979
276
475
390
833
1015
113
843
864
64
378
84
84
225
882
243
324
674
70
575
767
181
940
606
212
185
553
430
72
692
716
336
342
875
972
763
980
555
100
415
977
467
344
101
792
452
97
394
565
210
164
856
765
157
541
548
421
945
940
985
839
688
558
42
144
293
819
541
42
323
269
4
470
824
342
602
378
869
517
688
732
52
12
400
264
700
298
635
582
752
870
428
206
855
609
614
582
816
42
693
426
239
821
59
838
641
688
700
571
733
463
899
537
97
176
584
119
231
905
820
731
746
122
413
291
915
793
354
915
813
765
27
474
236
866
101
495
543
622
485
865
173
371
738
676
137
178
851
167
192
975
99
828
938
539
557
240
572
39
512
329
573
964
510
525
286
601
683
1014
60
458
132
956
450
706
1010
908
987
578
503
316
50
178
546
857
439
903
501
71
501
253
292
51
443
647
958
954
344
192
244
789
831
460
762
352
724
813
407
948
445
864
944
322
276
200
107
761
311
942
863
962
394
362
22
338
733
957
267
30
308
795
303
319
357
1002
505
715
165
98
764
537
371
634
584
105
262
675
829
538
646
461
295
992
1014
255
931
381
754
812
336
224
154
588
425
94
204
264
522
670
36
50
780
367
573
397
800
524
471
308
696
177
445
307
416
230
953
872
277
452
840
328
34
814
860
725
55
595
1003
607
934
742
522
42
247
193
850
710
971
395
348
752
736
651
849
220
876
806
963
51
319
747
259
535
240
153
279
344
749
276
273
302
825
595
761
470
912
751
38
64
429
588
345
611
956
939
880
1011
256
817
749
845
309
496
423
459
888
638
435
659
996
626
621
620
387
798
994
802
522
754
971
39
640
927
891
640
309
1001
644
433
264
357
955
30
493
934
592
165
780
574
259
806
246
111
581
888
729
967
380
375
896
920
456
180
976
279
443
467
891
791
177
320
479
549
317
628
160
248
53
663
816
320
678
975
99
234
731
322
1023
690
142
673
683
969
292
45
730
529
476
714
635
350
602
441
564
473
557
470
557
713
233
993
927
277
676
265
13
471
653
300
302
590
487
38
714
673
350
109
368
497
397
113
585
604
951
610
138
212
304
524
946
527
378
177
961
724
112
915
504
254
916
68
818
239
611
1009
767
693
402
985
280
0
648
277
764
552
285
562
854
942
311
670
561
957
817
294
822
26
12
4
106
99
98
936
618
274
678
838
524
815
278
100
809
1009
689
927
139
141
705
109
289
708
221
849
658
183
881
365
334
588
320
826
272
478
775
131
873
247
898
42
796
723
860
118
332
217
984
632
756
402
236
73
101
605
809
971
539
477
857
449
462
726
962
395
566
861
460
18
689
842
434
36
341
153
879
514
256
570
918
136
597
272
5
201
1011
742
682
912
443
2
97
558
45
809
849
1008
460
712
789
865
220
568
542
214
904
851
181
841
983
921
1010
88
656
729
47
286
489
210
542
642
606
19
962
750
982
128
984
735
487
508
321
935
630
91
406
964
226
518
627
637
850
98
636
141
1002
759
455
138
318
157
140
35
279
819
679
8
131
91
238
782
91
750
620
526
1018
1010
185
749
89
915
997
414
265
972
304
1006
554
329
260
573
23
681
167
22
763
506
637
471
391
35
660
306
902
937
202
943
506
863
77
948
225
748
98
765
581
336
437
253
413
423
569
310
305
831
267
507
288
379
137
63
677
326
85
447
287
463
748
462
218
305
326
951
469
735
800
183
227
112
443
607
528
30
437
163
793
717
162
