778
258
945
943
361
632
404
671
292
744
597
404
546
941
184
756
759
945
311
999
685
427
46
1015
771
244
561
447
168
190
215
689
163
155
446
379
685
250
269
266
287
931
992
981
406
203
190
990
988
52
105
472
165
738
428
528
768
96
926
950
486
339
98
670
965
205
559
757
776
926
76
873
880
714
662
343
408
454
225
897
760
794
270
740
919
561
277
425
123
122
960
203
10
86
185
820
797
485
19
991
870
855
171
486
910
402
664
691
1017
194
903
745
261
659
941
143
655
649
400
259
295
104
93
934
823
444
543
934
236
118
489
989
213
273
862
156
258
371
849
190
716
925
750
816
591
310
374
186
189
721
672
593
614
920
840
779
848
364
272
821
1001
188
663
625
105
432
404
980
907
1008
213
1010
39
43
337
413
945
353
743
201
278
487
866
914
495
412
570
353
94
839
421
208
695
857
239
892
790
525
185
932
600
590
680
286
517
89
294
873
349
347
199
667
622
705
814
758
266
433
763
364
652
835
48
985
916
116
944
638
531
793
531
84
299
509
212
219
641
521
124
378
23
976
10
975
32
75
343
700
375
858
859
497
488
302
255
892
332
160
415
822
570
476
705
444
894
114
754
954
924
820
448
327
87
722
366
516
263
360
267
272
162
509
312
367
580
270
59
662
576
81
402
354
138
756
64
95
245
778
226
651
855
459
825
948
678
284
411
729
35
242
405
1008
16
237
569
715
947
703
617
147
258
936
583
95
581
919
935
48
208
841
626
481
953
917
805
532
896
208
356
8
150
444
599
422
342
960
48
97
619
563
935
144
1018
870
615
10
43
114
614
341
733
602
859
620
712
656
964
362
885
150
425
816
357
748
625
78
508
404
219
245
615
822
46
439
512
954
262
30
903
681
459
29
638
493
862
217
626
178
844
777
777
670
820
488
377
835
316
561
894
526
548
835
901
454
116
800
352
276
163
20
320
759
765
106
871
828
586
439
261
938
78
1009
721
349
665
492
1021
438
528
327
907
123
444
455
483
445
169
1012
156
1010
10
934
579
557
832
718
225
934
984
436
81
407
218
368
823
850
216
243
990
306
58
953
869
110
355
864
421
811
280
873
612
145
591
619
993
371
15
772
649
177
1005
378
653
87
824
166
244
737
668
150
77
125
744
987
222
257
739
680
690
435
519
134
286
924
466
59
715
395
614
381
10
974
598
468
367
474
426
674
90
596
187
620
33
658
350
947
321
469
15
569
305
373
951
673
867
319
414
141
88
875
983
596
199
589
688
813
849
970
688
159
523
63
1014
40
656
610
767
374
583
594
649
173
239
580
610
189
958
498
139
820
321
1024
368
407
115
397
252
620
529
100
65
938
665
731
279
897
628
727
774
841
350
455
88
188
572
9
642
559
140
529
281
934
737
14
187
864
599
783
206
26
977
352
244
284
654
200
247
554
746
753
169
828
5
939
821
286
232
682
70
503
160
576
565
436
534
179
703
23
523
29
512
191
657
172
728
513
581
45
54
404
786
327
862
914
980
858
190
72
297
541
990
808
574
682
726
241
996
673
216
953
861
585
86
319
58
76
54
880
650
923
932
916
463
264
590
666
588
56
737
305
727
595
430
288
29
961
382
272
333
737
67
619
364
712
965
544
758
508
886
688
928
388
52
439
553
249
162
533
234
466
883
589
525
787
509
753
168
510
251
446
860
597
630
132
13
827
965
4
208
942
725
249
569
38
621
430
840
55
480
145
346
858
1013
558
745
58
262
983
636
448
68
652
824
499
159
492
678
230
94
945
953
843
145
818
734
549
859
328
24
340
324
11
251
102
629
968
364
479
773
704
41
847
510
808
466
619
1006
726
207
311
323
454
449
756
768
685
519
426
918
499
937
891
487
656
385
90
169
362
378
973
106
776
1012
857
246
863
56
259
453
903
501
385
562
709
223
64
114
143
65
327
3
378
268
397
830
636
80
635
84
519
826
518
358
988
176
529
999
668
865
567
873
49
470
863
753
909
845
320
789
523
557
821
337
362
857
610
119
471
770
600
806
12
725
70
580
50
202
1014
435
202
96
828
533
215
965
17
852
158
740
951
304
34
29
530
89
909
356
202
222
702
802
837
789
618
1018
669
839
888
733
360
298
341
81
250
801
425
839
258
825
693
451
449
293
38
696
37
481
364
620
1004
983
886
526
191
484
876
759
211
176
131
311
723
264
5
16
22
961
712
19
962
585
624
493
308
274
822
662
1021
664
208
333
610
162
569
376
522
291
512
992
743
730
700
669
133
1009
98
222
456
352
130
407
388
87
136
357
1017
880
607
34
973
888
834
266
868
603
236
741
655
716
175
619
207
506
312
386
794
212
596
894
703
297
726
846
969
293
380
563
1010
625
737
1021
559
295
647
230
411
119
485
1005
479
162
550
753
600
609
798
111
718
622
319
306
1
95
528
234
1013
122
547
610
759
100
488
662
327
88
36
969
10
553
873
474
819
118
301
365
871
92
896
480
39
902
234
743
621
97
557
433
850
525
790
1023
791
915
143
148
960
517
448
156
427
731
843
617
553
994
44
448
982
49
417
99
852
779
248
454
728
648
918
343
917
477
237
281
506
545
2
623
7
724
316
653
333
438
12
812
488
234
524
10
982
547
181
666
262
891
301
672
590
1001
551
873
469
885
96
903
477
655
347
144
53
953
1021
141
472
475
897
357
541
289
338
49
754
654
958
761
378
957
267
676
432
468
552
867
950
716
548
411
116
759
481
919
778
302
994
462
554
744
39
748
508
642
163
637
361
394
521
999
306
707
50
714
473
435
978
211
605
898
686
307
908
430
684
51
681
61
589
295
344
1013
975
298
224
659
676
729
723
907
664
29
117
779
644
6
922
171
810
832
890
387
721
72
325
260
227
683
446
409
317
433
527
83
247
412
621
869
536
338
861
220
184
523
981
924
862
919
25
63
135
541
97
135
833
284
891
839
445
946
607
543
530
648
883
821
397
466
521
661
386
475
684
425
902
80
904
810
671
631
24
361
1007
245
593
80
111
368
28
698
573
980
837
600
681
652
59
1024
974
845
711
491
963
134
220
597
527
352
10
115
996
392
106
416
404
900
748
170
845
875
242
416
952
877
689
855
125
222
861
505
483
932
123
826
827
363
482
767
942
961
484
578
713
495
542
535
410
279
893
366
72
306
987
565
815
814
748
444
332
164
957
64
457
94
583
62
713
131
357
0
845
492
350
874
778
145
501
23
19
306
341
575
18
148
748
722
469
920
678
592
719
167
92
592
488
730
909
738
268
461
872
462
68
654
718
649
31
697
268
268
353
907
526
779
857
960
1009
423
203
290
19
456
640
17
16
892
89
227
1019
214
162
359
2
120
446
37
716
684
483
307
20
534
370
936
743
907
711
195
237
291
352
86
435
291
567
497
456
694
804
989
675
956
38
853
707
74
688
293
409
614
1007
303
21
148
134
228
327
899
778
406
926
911
146
463
457
270
909
312
70
936
158
347
800
411
596
893
1009
426
641
51
957
152
502
896
497
446
715
752
699
673
204
47
530
781
945
507
770
573
23
250
679
344
719
710
242
41
455
551
807
216
37
968
391
14
883
378
669
712
93
298
151
224
183
712
562
508
952
380
878
401
396
78
988
841
1001
471
835
293
310
800
123
528
739
622
846
894
55
985
743
319
393
841
57
518
852
831
447
661
498
232
456
983
416
527
654
116
495
989
384
571
829
631
985
426
460
676
429
424
1017
982
948
528
554
208
802
418
362
916
687
813
860
134
79
420
486
378
446
84
855
664
833
350
656
93
256
983
34
731
234
379
554
625
543
733
682
285
668
976
930
491
782
531
350
273
333
1019
1010
367
99
569
510
892
994
80
454
168
1003
259
248
471
366
396
670
171
732
166
801
988
23
1012
639
74
162
370
241
791
879
937
435
306
364
368
56
1008
679
221
918
912
137
311
909
497
940
221
228
906
724
231
951
140
267
544
712
187
327
944
829
761
232
324
124
873
958
258
35
427
797
155
659
271
707
279
752
466
27
510
205
19
776
213
132
674
728
529
319
299
783
779
376
363
56
401
572
892
532
114
1006
541
147
395
368
260
629
127
575
1017
767
997
458
853
80
417
461
482
738
910
585
968
963
449
201
723
962
413
129
55
900
766
437
741
645
378
736
945
917
10
200
723
186
310
935
602
923
181
905
391
662
584
711
614
323
551
612
972
494
513
218
204
757
991
903
340
82
512
405
247
527
1003
423
262
478
191
496
532
494
826
537
315
872
508
825
857
425
655
845
225
303
896
274
11
811
618
957
816
353
255
29
223
453
78
8
265
701
345
115
952
998
656
369
160
658
692
126
90
673
292
213
629
958
745
694
298
828
492
98
499
289
69
299
915
658
418
772
355
949
458
699
26
695
20
500
774
438
0
760
934
561
48
0
311
88
246
911
802
505
402
945
775
743
394
843
255
102
40
452
178
326
192
145
118
811
191
915
50
509
417
899
793
567
532
543
433
263
653
295
268
583
192
977
11
557
659
329
276
812
3
866
357
990
309
352
425
517
546
684
894
279
895
699
246
164
269
47
88
117
124
327
488
805
694
697
659
601
300
468
4
703
428
835
543
971
463
270
209
125
395
815
146
57
364
317
802
870
885
897
443
248
863
343
150
870
719
721
1024
724
849
887
487
792
345
62
308
357
318
804
722
835
4
347
720
226
778
932
899
90
862
273
599
236
59
830
92
469
33
558
523
783
613
250
660
34
827
442
365
332
638
838
241
830
783
348
486
87
66
713
100
381
855
558
702
690
898
159
33
405
511
756
511
578
151
201
551
418
927
681
326
934
51
282
22
363
972
846
313
66
201
806
948
124
360
978
886
212
590
770
750
351
1012
823
410
12
869
459
160
948
778
622
780
286
306
101
336
672
916
892
129
472
94
369
865
894
1016
872
245
418
327
7
945
67
229
312
619
949
176
680
513
552
351
1021
386
490
84
201
426
1000
923
479
776
625
719
579
415
96
356
490
7
885
286
404
441
265
119
779
440
199
588
453
622
232
828
694
795
644
66
456
504
517
337
707
169
941
14
624
70
216
969
128
235
232
721
264
987
687
423
750
309
633
499
521
495
948
215
393
607
846
974
836
910
467
482
540
151
725
929
654
400
785
378
66
47
68
776
69
268
41
1005
786
654
101
395
536
112
707
581
951
488
177
437
156
867
128
691
115
628
343
367
784
855
204
200
664
635
981
628
234
134
37
635
372
766
461
680
116
511
451
17
75
35
797
223
464
595
662
227
383
469
137
338
233
956
4
0
118
65
556
500
119
326
423
159
99
52
570
804
994
717
154
583
678
947
776
1
574
379
339
465
451
612
488
747
171
192
650
359
770
559
421
592
167
585
967
421
476
950
253
231
768
685
835
361
466
776
177
472
418
508
364
689
308
862
727
552
744
106
612
831
911
159
193
93
825
627
310
206
72
790
364
389
112
406
432
407
234
169
156
333
954
218
1007
245
1014
112
192
704
78
227
370
995
799
35
425
217
455
297
223
347
420
990
807
763
754
995
973
811
826
818
823
244
31
764
383
427
600
319
278
118
397
1014
392
364
709
316
780
142
492
274
448
677
23
906
337
752
291
336
346
600
953
300
210
975
621
362
856
601
124
286
273
794
851
977
147
588
994
162
768
49
354
347
686
2
444
904
919
794
418
542
623
880
432
248
488
132
636
339
553
35
597
950
593
611
555
612
120
208
900
668
67
161
450
306
664
130
217
409
300
373
810
559
700
733
54
329
763
492
932
966
766
70
61
128
573
565
739
486
816
802
746
999
281
683
194
871
97
946
933
787
395
941
53
394
613
165
659
162
49
678
476
404
661
59
614
782
513
577
548
46
685
932
771
240
974
770
1018
783
774
148
35
381
52
917
929
87
297
330
986
383
539
445
154
982
485
278
203
734
819
607
89
886
182
116
267
571
756
616
286
833
374
684
139
658
112
716
4
611
763
262
784
616
269
455
917
930
508
37
954
901
847
597
652
379
846
12
590
92
227
425
485
760
606
310
768
960
430
863
1017
1021
967
18
937
477
389
391
638
532
927
722
811
138
886
467
258
158
72
161
999
988
1023
444
993
336
220
841
402
614
836
737
565
276
878
703
133
623
999
1000
234
11
937
578
905
360
371
179
164
676
436
130
767
307
716
803
164
298
970
119
677
88
174
788
368
418
489
345
248
675
124
929
652
683
813
980
205
427
599
734
503
401
309
474
142
242
889
713
513
457
530
974
39
734
370
515
30
411
777
40
0
270
1018
885
787
758
757
194
833
212
921
994
448
944
231
814
509
953
156
391
424
532
668
147
122
945
187
292
276
316
724
850
270
61
629
560
528
501
994
612
729
662
726
924
162
716
701
637
66
474
146
0
265
243
67
590
396
28
538
635
742
98
264
849
767
686
111
685
850
145
780
488
989
566
310
499
802
278
95
549
164
29
446
803
498
403
509
26
409
481
232
946
101
816
411
96
288
718
593
941
615
1019
288
188
640
878
69
634
511
96
1008
122
86
734
650
935
528
772
657
305
718
626
167
641
3
422
152
691
654
835
165
959
732
321
774
5
744
458
375
300
508
737
837
976
93
679
359
559
753
54
289
231
839
852
156
235
113
944
451
663
628
675
932
508
157
311
474
294
263
169
518
404
921
687
77
624
491
25
174
940
608
96
135
684
334
543
55
126
93
403
277
88
1005
822
966
264
791
277
623
315
351
927
884
963
915
390
208
645
546
936
703
247
487
571
882
393
733
64
717
786
663
800
609
90
576
986
368
949
529
469
401
443
993
589
842
855
649
453
744
623
595
471
543
692
817
256
261
259
572
854
1016
651
395
100
428
703
135
734
300
153
277
113
65
987
172
47
694
24
311
334
104
108
893
833
316
404
998
943
33
28
419
208
797
150
5
404
728
959
489
707
810
733
1005
492
889
229
17
174
816
446
58
517
798
694
718
113
588
690
428
360
922
622
760
598
870
751
146
646
440
1009
380
576
2
239
542
903
998
549
525
906
566
68
12
561
264
927
389
455
1000
658
587
272
600
751
175
349
99
888
507
850
572
837
646
957
1013
460
912
520
689
221
717
49
299
855
424
958
31
373
175
19
83
518
841
430
865
304
175
881
398
995
713
19
69
585
25
469
902
24
933
664
151
589
684
522
348
682
358
183
565
674
359
893
535
490
618
620
364
61
331
526
581
552
454
203
978
258
346
759
771
680
516
546
686
973
406
203
92
542
29
783
302
298
248
217
901
741
305
568
907
896
164
743
462
976
376
345
209
1012
411
419
768
84
655
469
416
690
966
1023
869
382
645
215
776
878
156
180
786
487
354
1
163
567
205
830
951
712
133
517
750
826
958
142
953
999
231
676
625
13
386
769
1013
127
276
72
408
999
315
845
799
944
157
797
886
930
5
202
851
205
468
660
615
845
817
545
429
16
112
418
538
360
709
386
886
741
157
795
714
138
44
370
528
228
132
575
789
792
93
276
30
934
937
851
724
63
757
244
295
911
295
969
365
1000
980
775
854
152
407
908
159
1001
632
905
594
633
727
161
622
1004
51
410
378
292
261
14
98
639
567
886
695
331
621
560
368
206
197
741
234
337
242
954
210
14
371
551
568
299
274
320
68
333
340
1004
688
772
108
217
696
565
21
70
692
23
1024
473
739
374
478
227
432
211
769
359
339
897
546
472
92
419
244
796
916
644
573
393
849
781
129
485
496
966
989
473
410
659
444
962
700
792
787
128
779
747
180
698
42
65
441
760
769
182
58
341
811
757
248
1003
690
786
994
811
478
880
134
724
945
903
766
239
486
771
197
298
613
847
669
443
821
204
314
599
173
866
128
722
564
447
929
184
83
208
335
132
621
365
350
433
354
487
896
648
359
644
745
612
272
483
328
149
72
859
536
55
914
528
864
699
845
573
97
332
858
528
903
558
892
530
348
220
801
82
797
373
472
741
446
993
101
598
389
279
339
573
339
367
580
470
627
1019
365
964
369
887
880
197
229
7
259
431
1001
789
360
404
334
708
140
358
404
234
516
128
992
339
86
962
1019
551
802
884
915
415
930
418
215
121
10
624
104
596
756
143
28
686
120
129
427
901
524
840
587
316
852
37
260
893
783
529
845
828
144
883
53
699
206
741
235
519
67
247
107
218
273
761
252
588
217
1019
11
202
887
480
47
98
384
278
413
363
908
879
152
283
249
747
562
608
942
786
947
393
956
560
968
963
859
268
445
103
730
651
4
905
387
644
896
448
543
779
597
346
920
601
186
39
688
635
767
873
852
362
897
153
475
988
279
793
419
837
420
908
752
809
300
186
351
609
38
233
653
489
1013
294
305
232
285
278
78
720
112
300
649
265
569
198
497
963
786
716
1013
443
965
600
408
148
822
410
944
707
640
387
43
321
739
720
558
370
701
78
19
255
25
618
77
392
560
911
884
925
47
751
563
223
832
829
791
411
469
776
400
236
694
746
99
269
999
123
125
582
707
619
104
397
942
577
889
471
388
649
448
296
838
951
22
255
807
191
983
244
188
515
980
574
192
170
167
245
967
46
547
430
647
1019
955
324
189
950
762
356
617
793
90
625
747
217
463
546
732
373
105
354
892
948
868
979
231
643
622
200
744
1011
218
464
753
381
127
286
250
460
436
888
764
730
655
239
499
692
772
236
364
1003
264
433
420
286
289
832
868
937
757
131
558
436
662
299
344
903
274
444
532
944
677
853
331
888
974
644
689
259
979
346
502
669
564
219
772
816
484
374
56
993
964
910
570
932
319
477
707
638
985
1004
440
76
159
88
950
562
913
282
23
1002
1009
999
936
27
49
322
842
757
700
0
958
677
582
504
913
915
727
538
132
798
860
135
372
656
655
445
71
220
281
587
151
905
874
163
412
714
913
533
514
414
140
6
469
897
976
898
753
984
308
116
930
434
461
49
791
430
851
696
283
187
1005
24
770
970
545
1024
800
350
196
493
762
0
20
714
754
499
443
977
283
553
551
760
300
732
421
955
40
188
485
661
124
904
891
1008
485
214
978
583
813
611
10
911
412
850
614
423
759
366
394
729
622
197
979
13
647
845
388
26
599
657
307
193
99
686
760
1003
1009
635
170
957
267
50
485
456
434
107
77
502
597
440
198
56
999
424
981
502
194
843
879
503
841
553
5
97
794
972
511
459
1010
263
117
162
1013
383
669
853
773
107
716
200
235
520
125
985
516
725
65
720
253
879
563
511
201
739
344
212
694
114
1014
802
83
78
784
305
719
200
709
795
254
112
697
909
809
554
615
365
351
591
770
307
102
101
998
303
94
862
1023
342
351
487
36
485
994
103
113
448
273
133
692
968
899
349
230
909
237
378
994
180
694
542
505
788
28
653
803
43
911
768
774
285
363
514
541
957
295
362
133
671
417
830
745
57
507
87
634
489
675
940
560
409
704
77
798
768
364
663
555
934
64
143
335
891
189
557
311
663
750
851
786
1020
978
942
906
822
74
585
49
35
72
34
704
977
502
745
33
768
304
233
906
185
24
824
436
955
426
967
178
13
989
544
48
571
678
2
323
877
501
60
738
885
519
628
802
795
305
996
810
409
244
539
429
974
153
485
773
323
595
158
52
551
636
501
915
416
337
798
73
924
703
866
919
240
24
556
145
867
232
366
532
203
402
663
719
500
871
936
104
824
202
536
747
628
402
695
355
648
821
820
279
714
554
169
819
551
647
680
141
61
496
353
661
817
81
796
364
969
609
915
125
245
848
426
105
720
964
139
321
234
800
813
46
906
1015
264
688
35
426
950
95
397
222
501
728
735
586
1018
9
532
778
189
634
404
19
255
44
257
917
864
836
346
114
322
505
184
965
406
704
75
392
186
437
798
614
295
159
549
163
468
245
457
737
512
232
167
275
403
340
729
1002
833
825
36
570
1
677
285
341
879
136
1023
600
299
420
166
795
214
453
849
179
322
674
902
996
663
781
316
157
213
875
533
837
64
293
339
949
556
714
877
36
879
169
90
29
178
457
521
943
805
89
166
862
687
842
18
913
354
931
702
206
137
513
123
70
625
229
362
14
532
711
645
1008
695
89
692
814
715
904
754
209
568
580
136
535
695
398
98
900
355
377
78
977
484
44
992
400
459
589
136
578
576
736
271
115
620
67
93
940
772
42
827
787
1018
323
274
449
456
984
277
344
480
955
334
992
686
429
510
513
617
356
776
442
362
960
512
298
852
365
676
424
223
323
677
836
596
846
157
943
135
117
757
747
415
292
278
740
99
423
161
21
38
493
284
335
478
443
21
495
696
175
687
356
980
10
223
495
918
622
378
224
874
447
726
467
974
142
734
855
146
934
411
622
836
0
823
105
603
267
508
603
358
798
512
753
904
512
482
933
401
104
471
677
760
560
376
906
857
261
467
799
156
766
683
997
932
876
418
546
308
592
647
485
141
352
406
653
855
171
371
333
602
793
28
539
975
77
935
487
883
364
355
115
567
809
378
726
365
1015
100
413
302
435
119
133
320
118
746
69
752
312
832
855
1000
143
654
81
636
580
534
673
751
128
210
410
713
904
29
539
103
444
1023
496
129
995
696
401
117
374
815
88
499
317
772
649
117
692
874
677
866
708
456
815
228
371
866
166
1005
899
20
110
225
146
171
608
505
308
0
254
772
239
980
722
917
532
162
909
480
840
232
512
790
1000
841
322
142
750
79
957
816
649
841
71
711
99
676
544
20
485
753
577
586
37
481
11
957
257
1004
747
584
64
383
959
543
80
879
657
168
1009
753
270
500
1009
913
94
556
305
568
17
324
665
662
267
804
949
734
15
420
941
124
394
946
939
830
234
248
581
795
205
116
851
634
670
492
791
653
873
773
660
982
934
13
891
391
303
661
176
968
760
248
873
601
944
2
813
142
666
112
82
764
425
726
34
566
731
127
928
521
28
362
189
901
1023
807
285
647
511
417
0
570
236
346
364
276
609
356
225
951
536
167
176
1000
659
722
294
398
966
870
183
988
238
342
916
423
9
218
984
130
875
368
647
843
547
540
854
136
545
483
699
790
153
625
474
674
349
946
344
933
877
1006
462
485
176
711
725
668
805
966
42
561
288
750
283
73
739
740
650
125
916
880
611
169
805
565
595
1017
949
33
909
986
44
983
606
468
501
509
630
669
94
634
606
567
655
807
173
644
800
812
119
196
859
27
506
774
750
139
101
163
808
882
687
388
17
113
488
350
880
702
612
476
754
922
734
931
867
812
545
831
799
638
593
284
566
509
857
93
281
516
643
360
354
115
446
954
312
870
914
615
974
303
672
200
523
379
545
269
905
17
629
989
786
124
433
331
197
779
75
732
729
764
772
788
47
604
917
489
459
588
747
699
417
348
741
910
164
681
129
347
620
686
667
378
764
150
1019
293
937
322
761
234
303
39
103
641
284
4
800
829
2
622
872
20
951
816
836
624
550
478
644
795
950
58
832
366
782
595
628
104
894
706
254
169
396
492
276
116
464
167
808
793
520
396
67
53
155
732
902
430
393
362
113
328
816
437
387
237
903
297
686
734
256
393
141
151
209
226
857
414
1012
835
713
191
531
311
291
237
733
83
936
452
532
1008
699
679
97
28
544
387
118
228
479
88
205
959
819
749
74
407
455
728
303
697
182
874
521
725
304
1014
358
939
898
744
702
4
471
520
787
115
549
25
538
195
422
121
928
810
814
477
279
168
668
232
810
557
29
623
95
988
27
819
673
188
799
297
748
16
519
518
713
961
633
596
159
118
870
809
528
531
601
919
100
616
90
161
904
166
896
288
796
534
253
116
375
997
549
278
433
688
976
393
842
812
986
305
1
898
107
60
183
586
611
674
845
892
330
701
13
303
566
681
81
707
885
340
48
224
206
724
529
624
926
865
24
929
860
554
172
317
520
885
110
511
369
292
796
122
1022
1
577
726
721
594
578
913
712
953
469
948
685
677
863
434
486
587
281
558
491
629
634
402
503
123
396
804
323
381
203
463
715
291
962
137
87
892
800
517
612
338
234
162
1002
230
187
811
738
236
430
967
74
864
466
926
311
809
293
977
973
455
386
1017
47
797
596
350
456
356
234
951
477
28
1015
918
99
496
342
354
788
602
439
414
884
534
718
817
402
860
880
542
793
119
667
935
595
663
951
104
504
868
498
526
79
414
446
151
980
469
47
690
741
272
181
141
87
28
371
942
53
193
350
1002
202
958
282
349
993
100
329
163
949
140
85
680
379
968
259
950
615
258
148
488
710
22
615
461
959
630
536
202
663
817
901
850
795
487
567
404
812
291
267
267
543
110
577
788
107
86
73
225
964
962
419
323
780
514
619
573
710
636
195
464
531
620
660
601
923
312
757
211
655
476
90
190
1012
529
433
181
206
307
561
79
3
567
648
889
22
431
125
766
548
423
423
636
45
543
799
773
113
1012
168
923
107
834
242
703
33
249
275
321
509
1006
411
470
763
225
605
751
617
487
27
273
711
263
230
572
561
579
498
863
895
116
115
631
842
501
143
530
402
38
607
512
852
614
230
400
147
987
76
605
625
352
288
352
465
521
692
147
431
636
895
369
662
244
873
525
377
766
203
449
806
819
961
206
57
612
754
889
175
887
914
49
127
761
773
308
989
470
849
278
993
693
146
843
933
964
680
690
368
754
865
213
1010
307
878
762
25
410
571
946
805
6
818
747
240
378
418
344
477
463
684
845
582
650
473
766
175
817
898
270
396
688
487
608
674
343
913
516
582
520
413
574
4
469
647
284
67
955
113
734
250
788
261
690
580
510
992
606
879
388
789
447
82
773
503
335
573
811
574
930
603
343
916
802
819
296
149
330
737
90
810
759
467
827
650
725
297
127
880
963
502
225
622
274
1005
164
327
185
413
468
443
315
921
316
698
616
110
545
114
493
311
549
385
666
384
825
888
854
139
553
276
231
524
935
683
971
751
80
396
949
981
148
1023
106
391
918
489
28
970
346
387
433
925
1008
779
671
206
123
986
905
452
704
374
8
402
44
310
571
977
757
90
284
909
711
873
702
854
560
954
44
305
717
699
787
622
156
894
65
194
78
972
822
568
468
348
775
670
200
748
269
212
328
872
44
966
901
526
405
154
703
737
684
102
745
859
134
559
697
651
128
536
1013
920
438
815
833
334
6
765
906
308
219
95
12
67
998
887
606
528
644
178
772
472
943
354
476
628
173
843
314
965
94
482
174
854
663
571
747
497
268
147
731
265
500
258
13
194
811
398
609
415
817
803
234
883
814
1013
14
841
513
531
739
734
223
235
983
814
345
179
132
10
36
317
257
915
279
273
516
627
291
209
758
698
278
789
553
581
323
68
450
229
747
770
642
900
780
50
675
824
430
22
970
61
825
781
60
550
665
745
723
741
215
61
832
975
448
27
128
227
493
528
822
651
584
597
718
328
12
144
612
954
767
425
161
814
122
972
714
458
833
267
840
1000
308
708
700
732
654
401
446
544
300
300
163
869
586
180
620
1015
177
724
100
232
225
730
702
348
475
346
798
915
840
421
1020
777
359
816
132
526
339
724
954
139
806
421
605
655
403
623
104
799
523
35
460
678
708
283
508
939
337
432
875
228
891
871
497
532
100
131
1007
896
853
877
21
727
960
862
177
822
698
984
894
587
332
314
28
360
68
488
515
665
275
700
508
689
89
169
440
662
289
405
103
380
555
680
191
946
773
560
1005
115
72
332
591
358
875
782
114
271
214
643
679
773
767
612
251
539
568
939
74
536
724
342
249
508
867
1021
880
424
288
526
82
368
186
879
942
1020
355
616
5
524
28
114
966
333
306
611
713
114
475
754
589
645
89
684
267
841
153
742
489
907
484
734
546
357
671
648
658
404
79
105
103
96
401
263
296
590
429
237
419
728
924
204
143
324
207
114
988
921
833
646
507
964
387
128
439
889
121
747
386
503
273
493
680
24
223
408
610
644
630
943
995
602
38
975
1004
62
824
448
198
243
222
649
383
319
17
746
808
706
189
270
879
236
203
930
13
405
324
964
884
713
404
167
955
85
986
597
265
250
662
319
770
398
777
575
506
615
362
489
772
646
534
369
787
473
161
686
476
224
625
236
5
920
272
463
922
408
872
704
215
252
529
530
479
909
811
256
410
549
393
384
345
472
764
121
820
131
350
1008
404
537
9
576
1006
457
762
215
392
925
852
859
18
554
116
754
170
290
770
588
476
737
171
428
653
988
511
596
677
142
44
27
78
392
358
335
748
468
352
998
11
879
23
692
866
518
235
719
682
115
992
392
131
867
725
542
738
964
416
949
32
414
572
93
831
840
560
918
234
144
568
182
355
551
574
805
950
596
681
176
769
911
871
546
898
624
1002
703
693
177
116
214
623
885
60
408
982
866
452
595
353
627
919
352
938
271
579
779
429
180
93
853
300
183
783
879
146
623
18
943
542
436
225
540
98
434
901
133
862
558
1011
750
111
80
886
910
340
319
185
235
590
681
321
433
68
539
127
199
379
580
826
196
400
556
387
44
183
984
236
534
765
915
1024
759
418
671
1011
353
146
957
548
786
556
528
108
723
957
472
279
463
15
81
365
462
312
294
231
793
568
451
365
851
18
6
416
963
240
591
747
148
946
478
795
1012
549
105
187
347
738
509
646
432
522
923
734
689
352
449
396
889
982
788
613
280
1021
910
30
686
507
947
676
824
246
199
38
490
737
851
366
133
191
230
556
1017
275
640
865
873
588
809
519
456
15
838
116
29
976
573
854
284
145
956
256
788
675
397
452
887
341
167
358
740
215
126
449
1
798
963
780
1001
122
151
222
558
495
534
256
432
222
87
661
152
169
762
10
517
819
369
99
770
575
516
905
925
586
801
654
295
519
513
506
1020
998
279
137
340
7
832
206
594
149
526
382
596
423
507
461
546
191
358
200
731
585
258
831
401
145
726
620
753
855
1019
6
897
257
3
951
880
314
604
232
800
28
866
904
7
953
398
86
312
377
716
840
377
616
829
819
887
706
471
652
169
258
75
371
657
1023
65
165
281
79
804
636
266
213
131
88
692
631
575
409
329
975
691
107
312
828
619
659
121
44
587
174
483
198
401
547
252
328
267
550
657
29
305
632
217
991
466
845
29
422
186
969
17
520
602
205
125
398
37
113
864
61
585
617
442
109
615
570
679
292
421
672
96
869
24
495
879
689
795
1009
371
308
426
188
897
617
686
254
469
598
547
962
772
537
22
258
1007
428
422
419
880
916
292
170
726
208
947
503
480
608
219
487
42
156
441
656
417
848
268
384
880
565
536
923
600
256
455
565
937
609
457
106
842
305
718
690
583
822
883
874
251
122
768
196
445
3
432
864
49
693
672
710
1001
468
410
791
101
113
383
912
119
56
391
669
543
566
405
852
849
376
781
898
421
521
481
1006
912
762
502
268
327
814
132
345
414
589
604
276
1005
898
368
625
401
294
921
78
980
722
187
289
567
546
597
799
185
82
364
767
746
314
850
441
658
778
963
469
730
32
497
146
997
389
957
110
659
716
628
371
95
851
882
639
870
75
189
866
843
212
504
357
350
714
651
878
565
83
436
197
521
58
554
213
828
455
660
815
706
789
269
580
883
0
218
517
845
663
502
335
515
170
942
703
67
827
3
19
492
368
865
685
448
852
120
193
183
913
22
42
423
951
441
635
340
285
1
605
582
945
463
495
516
298
643
673
248
617
162
469
938
159
510
1023
61
591
683
835
885
548
626
206
662
597
876
598
386
744
72
484
209
659
986
589
35
932
735
112
226
27
264
708
375
62
659
354
996
442
593
931
549
193
965
698
232
250
151
438
49
474
186
844
855
479
930
854
337
356
213
968
398
4
439
209
277
642
659
849
829
654
312
178
980
704
571
865
28
319
1005
224
302
550
115
214
546
132
244
570
596
913
107
49
47
544
881
499
91
444
739
599
154
397
236
419
867
885
15
103
924
262
60
923
91
1019
672
346
426
284
895
1007
38
908
499
333
609
504
725
98
377
56
180
725
629
905
794
330
969
527
846
871
690
509
1014
528
436
932
634
802
618
650
683
361
959
658
399
621
356
894
161
506
530
64
330
414
780
312
362
737
951
473
558
427
246
539
487
75
295
389
778
232
163
927
612
964
485
506
849
823
674
624
340
185
35
20
436
760
261
833
360
353
593
567
730
210
420
742
158
575
607
446
905
253
194
755
595
1020
926
793
855
834
906
663
460
736
418
499
819
924
656
692
251
938
631
587
873
654
61
586
743
29
408
202
829
548
855
909
479
848
480
762
497
506
402
969
643
596
86
20
693
980
574
43
396
251
764
366
544
66
14
546
844
443
619
704
285
721
152
28
240
611
348
807
829
764
570
418
51
285
612
236
439
96
588
108
257
91
715
728
277
873
167
18
121
819
258
14
110
364
294
830
780
667
824
195
872
442
676
14
889
356
385
713
295
468
349
72
191
144
198
505
622
426
352
490
278
159
292
228
69
145
326
22
1016
225
18
302
621
473
93
739
266
248
928
947
576
113
409
155
684
261
1000
509
61
101
408
389
974
481
683
422
966
752
325
279
824
546
288
384
184
686
215
447
418
521
677
559
525
242
402
524
41
102
799
557
229
330
181
167
836
793
423
631
576
712
439
285
142
874
813
848
580
4
365
110
436
651
110
125
487
994
927
363
796
484
307
457
600
476
517
258
546
107
484
948
695
719
791
784
894
492
796
939
824
313
927
742
536
115
785
184
728
443
572
920
291
145
291
47
725
914
316
113
812
418
865
404
121
394
390
417
1000
669
453
989
972
477
178
200
867
540
87
341
535
754
946
311
994
902
452
120
140
21
404
154
229
775
468
107
648
406
398
910
332
596
26
298
8
370
505
480
552
289
549
131
170
72
619
830
245
377
514
566
381
195
624
913
500
103
364
134
15
320
960
960
874
621
804
278
65
911
295
516
825
996
595
176
1001
503
251
585
511
457
225
120
19
811
826
719
279
501
462
559
46
808
47
232
479
933
929
154
158
957
890
216
810
68
754
0
213
198
413
801
185
851
314
679
556
239
864
61
242
933
790
425
561
512
926
455
73
828
645
303
305
374
596
617
682
74
457
182
165
307
722
699
707
314
512
999
563
902
571
431
69
396
279
820
305
15
557
293
611
535
191
4
541
77
801
557
585
509
215
301
154
942
738
436
439
613
505
951
547
118
840
225
368
902
923
809
57
16
107
503
938
348
818
615
917
962
850
40
696
872
499
927
423
185
92
215
848
473
38
273
37
318
493
924
848
463
706
444
677
109
715
699
1014
501
697
448
441
842
95
9
193
665
775
603
299
267
408
249
327
708
861
908
625
875
406
916
129
103
582
863
889
969
388
636
769
239
100
786
185
653
875
425
213
387
535
945
23
269
275
762
278
19
651
565
816
157
405
678
963
851
564
27
495
113
282
976
34
858
223
1017
212
262
568
170
957
602
223
488
971
313
240
899
147
215
180
121
150
588
358
669
911
629
596
88
267
335
532
406
851
551
328
366
506
581
502
254
549
757
335
837
337
544
988
844
341
37
148
383
170
509
137
332
703
537
673
86
37
153
160
667
6
654
630
230
133
489
26
605
182
367
369
517
457
99
72
820
242
212
317
199
417
331
551
85
974
522
785
112
576
220
309
436
500
390
342
943
130
807
511
140
25
998
772
129
605
118
78
7
287
575
376
333
446
420
430
417
402
632
846
223
686
213
111
386
206
11
718
755
557
486
296
861
215
56
29
271
72
739
656
637
911
802
69
682
755
137
725
743
645
852
921
499
115
726
627
242
73
765
921
21
398
384
767
648
919
139
619
446
148
35
370
888
500
669
124
1006
930
942
152
485
347
146
909
986
671
386
971
668
984
957
233
55
736
354
210
470
316
742
18
248
154
228
870
963
448
948
267
102
442
88
702
135
235
621
825
763
179
883
200
385
873
783
874
211
618
333
28
310
558
336
719
291
354
392
671
1016
196
397
215
861
925
97
142
102
906
221
644
921
381
785
486
79
622
539
58
767
34
179
539
37
847
472
146
62
1
706
442
247
176
786
733
51
824
279
317
899
40
994
332
498
61
730
930
446
149
461
20
74
80
795
115
683
258
588
839
231
447
217
795
912
786
846
464
520
744
1018
132
872
315
891
903
609
63
383
579
177
398
850
997
417
776
1021
114
152
42
254
236
306
943
135
267
123
438
337
185
85
186
697
418
526
402
974
256
279
127
355
537
984
292
923
178
138
109
774
908
362
359
997
828
850
789
601
541
157
523
13
668
558
714
733
1024
312
959
192
442
612
73
284
984
522
709
954
857
584
212
917
762
297
312
216
97
465
259
686
136
163
476
696
558
770
865
446
777
660
623
605
399
659
696
821
922
525
571
135
173
22
29
316
94
905
125
564
484
730
669
570
717
360
723
41
641
538
154
294
533
1017
82
177
112
488
723
584
516
687
816
862
409
814
698
929
290
102
949
438
513
140
305
354
849
913
666
893
601
670
157
598
159
811
21
1005
583
162
1012
197
832
684
300
279
800
255
171
570
629
876
890
385
650
359
417
192
129
11
730
976
181
1004
385
798
554
474
69
962
752
798
288
304
1021
231
1018
694
537
667
542
115
462
108
169
921
331
931
347
222
212
918
313
4
105
351
397
195
481
510
910
167
579
432
400
509
116
1011
831
347
852
391
818
492
201
807
991
516
100
370
348
574
643
755
831
831
128
527
727
253
853
347
183
566
75
105
135
500
293
712
674
494
985
745
51
596
172
870
402
751
368
292
754
334
48
757
689
133
957
332
898
342
477
387
557
201
239
952
219
881
597
47
422
374
164
1022
287
239
708
254
669
37
668
289
791
726
39
87
340
707
310
643
417
812
249
142
758
65
8
992
527
258
144
697
18
319
620
545
543
342
160
977
920
985
400
911
759
812
183
994
139
293
929
249
922
15
1008
997
346
191
393
292
788
297
11
385
424
504
571
646
877
818
926
872
281
1021
105
716
1003
731
86
613
570
636
480
979
858
420
590
436
64
552
314
995
812
667
385
752
457
211
212
669
306
479
283
921
1015
679
284
275
732
609
421
157
993
539
788
620
805
385
871
889
557
164
827
82
358
926
276
535
120
741
851
913
936
271
640
101
165
497
340
154
290
624
680
884
865
728
529
1022
296
239
662
763
452
29
836
679
259
716
844
436
275
293
613
679
691
68
348
346
1017
952
788
977
996
908
555
891
538
1004
420
1019
899
427
830
586
458
164
322
813
272
723
152
110
860
141
788
320
715
757
741
590
612
539
84
227
54
521
577
432
458
18
177
368
98
292
232
741
257
615
316
622
203
532
306
314
749
573
607
119
1012
137
150
771
217
797
743
567
799
692
390
669
46
653
593
970
452
222
772
689
458
315
748
78
865
802
437
694
903
821
282
452
578
223
981
869
937
195
210
494
529
456
603
852
741
572
341
585
530
654
201
898
742
311
613
333
1003
130
616
939
195
150
19
600
536
805
490
782
962
277
983
612
527
22
808
84
937
613
135
78
872
892
437
788
787
629
914
452
403
208
981
781
606
811
47
896
842
797
136
479
436
577
519
466
43
512
573
682
1012
465
742
244
942
324
334
786
240
242
564
455
918
631
592
891
978
27
648
643
597
58
233
904
558
530
273
649
454
28
527
742
416
907
870
911
349
404
704
365
796
174
578
455
247
21
563
961
247
147
1006
163
812
553
106
0
443
700
794
727
976
725
284
523
551
736
214
911
637
464
445
998
80
428
940
527
242
30
991
690
358
356
331
800
525
32
147
749
296
562
473
260
903
708
425
163
863
642
571
0
292
906
351
68
778
18
600
709
682
280
1019
816
182
961
896
881
774
497
690
28
256
620
867
853
536
152
578
900
702
422
623
72
889
74
329
62
548
970
547
73
342
442
661
965
669
124
866
682
596
763
59
843
492
421
381
38
161
148
311
910
539
868
99
936
974
396
194
403
53
221
768
728
25
80
101
873
720
210
511
538
66
722
650
90
180
441
554
402
77
878
228
365
779
659
740
380
39
253
858
556
986
894
219
713
519
921
424
219
226
445
28
778
173
286
802
764
482
203
799
525
568
427
1000
537
800
627
239
283
696
990
69
992
965
892
919
76
579
484
738
714
136
60
726
736
991
313
844
780
572
188
649
967
938
968
106
530
45
451
350
377
449
0
772
46
656
236
779
945
27
471
91
43
340
336
734
730
526
688
119
46
583
949
557
233
444
561
218
615
933
1000
829
577
819
717
759
292
751
8
840
349
692
522
648
931
758
511
286
51
869
290
30
599
681
989
999
26
407
425
973
974
855
901
337
636
333
477
939
119
918
137
20
372
280
230
448
1021
318
881
664
34
1017
36
927
319
36
738
424
826
80
676
925
746
243
5
632
396
606
669
81
1001
794
688
335
85
618
266
677
16
924
687
67
22
1009
765
61
175
862
819
379
196
783
422
656
137
520
54
452
658
67
652
101
294
42
634
781
568
500
228
347
675
477
135
750
317
897
386
936
88
245
642
288
783
806
780
816
420
98
773
513
292
362
862
869
550
380
1006
249
849
723
794
627
610
911
555
862
219
686
771
785
25
397
773
623
75
410
929
974
736
369
965
526
56
1005
631
152
171
412
785
824
46
50
577
575
551
93
174
721
83
490
797
1012
953
485
693
886
678
926
966
738
233
765
331
229
830
470
368
909
579
829
974
418
186
301
161
285
214
20
263
473
194
280
355
946
746
667
909
539
167
595
11
716
187
691
687
372
414
351
470
889
263
266
626
1003
411
235
217
943
286
541
79
387
927
137
313
980
395
45
971
57
80
746
250
499
795
538
749
643
606
177
294
1016
666
434
685
599
719
646
407
543
443
608
869
720
541
60
601
393
870
889
305
966
31
643
811
707
183
766
291
814
223
483
242
76
170
994
209
104
209
355
350
222
368
103
869
663
393
129
45
586
76
281
516
651
589
557
776
945
587
772
81
553
123
828
672
993
306
548
182
595
953
90
643
132
815
984
373
394
813
373
564
946
993
425
42
649
300
837
304
793
221
979
894
639
105
721
997
583
470
803
660
998
1013
720
974
336
402
89
633
239
43
806
1022
742
522
483
432
410
748
728
534
860
221
753
398
788
1019
710
558
695
101
424
582
258
467
985
891
936
896
400
891
356
516
494
302
371
639
608
161
461
468
545
607
741
872
579
462
672
602
335
791
175
698
59
1005
422
377
632
118
1016
970
832
389
990
495
442
318
170
255
983
751
200
74
556
642
34
258
812
778
83
753
142
17
919
634
421
905
418
810
543
229
692
269
236
456
359
291
740
918
519
373
735
717
168
110
17
778
366
673
911
113
758
255
662
705
699
406
106
287
223
866
464
889
55
560
600
276
740
238
403
981
745
921
13
561
836
186
283
117
325
254
236
216
358
996
453
123
430
426
850
185
862
569
154
730
228
484
803
126
269
668
448
392
183
809
56
789
645
836
641
820
524
228
262
918
664
694
12
780
973
156
255
608
212
2
446
354
324
777
749
286
245
881
948
53
224
1011
1011
885
78
602
328
11
529
772
380
898
344
233
939
974
88
61
1014
548
369
299
104
415
421
100
375
15
866
175
929
882
187
461
1008
401
666
106
680
881
999
90
1004
921
202
395
748
81
764
588
760
1012
217
445
952
562
639
204
574
527
370
946
399
679
484
90
192
812
824
954
964
463
455
371
531
763
938
37
941
536
741
109
198
4
809
572
728
397
16
733
286
125
990
432
432
368
382
903
791
651
16
618
432
963
564
800
366
137
229
1021
57
697
909
148
995
557
18
679
259
567
765
383
373
63
911
1019
73
861
276
812
931
405
801
727
463
444
918
609
985
906
840
15
717
957
79
96
747
647
962
920
324
714
882
874
829
571
395
990
363
975
504
715
754
600
575
826
243
124
91
959
719
741
494
1017
399
669
212
473
190
304
469
290
693
433
513
891
496
922
684
675
311
636
451
595
467
738
889
515
156
92
732
14
40
421
945
749
634
266
38
657
986
520
614
920
189
396
772
91
328
361
965
364
989
748
435
412
210
290
111
321
443
482
373
47
382
729
892
1020
1013
69
505
71
762
337
324
835
597
238
765
226
220
184
477
438
378
122
816
108
188
816
832
861
398
427
682
238
72
370
19
689
981
516
389
262
186
723
628
137
672
571
531
1008
100
634
469
186
608
724
936
625
507
802
441
697
290
37
230
767
605
132
146
595
159
973
590
610
949
693
468
877
214
45
245
46
918
932
131
909
648
347
141
901
377
785
486
372
437
531
638
803
371
807
973
483
74
794
955
538
707
259
824
135
26
270
986
116
486
367
725
987
545
965
830
877
928
188
388
487
113
938
456
550
765
51
138
253
249
377
282
536
92
430
649
1011
928
926
829
869
810
183
464
656
356
405
316
473
341
645
652
583
659
432
359
223
207
745
460
696
221
140
483
18
826
230
972
478
650
556
899
9
755
668
561
271
123
585
978
709
769
556
746
259
258
129
898
16
157
582
649
614
537
422
403
458
497
673
728
728
1000
895
310
251
243
29
232
185
897
333
109
469
394
474
130
38
281
204
677
101
985
335
400
853
732
654
877
266
855
694
894
744
763
491
106
251
221
577
769
713
668
576
105
732
339
920
337
566
1024
785
328
727
48
746
485
204
358
156
764
938
479
385
452
656
755
29
470
761
577
526
347
115
515
182
323
406
835
338
777
369
715
963
423
7
917
575
613
528
935
350
883
873
94
736
393
464
750
115
474
426
204
176
175
810
445
53
96
456
1018
312
979
1014
706
